/*--------------------------------*- C++ -*----------------------------------*\
  =========                 |
  \\      /  F ield         | OpenFOAM: The Open Source CFD Toolbox
   \\    /   O peration     | Website:  https://openfoam.org
    \\  /    A nd           | Version:  10
     \\/     M anipulation  |
\*---------------------------------------------------------------------------*/
FoamFile
{
    format      ascii;
    class       labelList;
    note        "nPoints:4161  nCells:3194  nFaces:10481  nInternalFaces:9817";
    location    "constant/polyMesh";
    object      neighbour;
}
// * * * * * * * * * * * * * * * * * * * * * * * * * * * * * * * * * * * * * //


9817
(
1
10
100
2
11
101
3
12
102
4
13
103
5
14
104
6
15
105
7
16
106
8
17
107
9
18
108
19
109
11
20
110
12
21
111
13
22
112
14
23
113
15
24
114
16
25
115
17
26
116
18
27
117
19
28
118
29
119
21
30
120
22
31
121
23
32
122
24
33
123
25
34
124
26
35
125
27
36
126
28
37
127
29
38
128
39
129
31
40
130
32
41
131
33
42
132
34
43
133
35
44
134
36
45
135
37
46
136
38
47
137
39
48
138
49
139
41
50
140
42
51
141
43
52
142
44
53
143
45
54
144
46
55
145
47
56
146
48
57
147
49
58
148
59
149
51
60
150
52
61
151
53
62
152
54
63
153
55
64
154
56
65
155
57
66
156
58
67
157
59
68
158
69
159
61
70
160
62
71
161
63
72
162
64
73
163
65
74
164
66
75
165
67
76
166
68
77
167
69
78
168
79
169
71
80
170
72
81
171
73
82
172
74
83
173
75
84
174
76
85
175
77
86
176
78
87
177
79
88
178
89
179
81
90
180
82
91
181
83
92
182
84
93
183
85
94
184
86
95
185
87
96
186
88
97
187
89
98
188
99
189
91
190
92
191
93
192
94
193
95
194
96
195
97
196
98
197
99
198
199
101
110
200
102
111
201
103
112
202
104
113
203
105
114
204
106
115
205
107
116
206
108
117
207
109
118
208
119
209
111
120
210
112
121
211
113
122
212
114
123
213
115
124
214
116
125
215
117
126
216
118
127
217
119
128
218
129
219
121
130
220
122
131
221
123
132
222
124
133
223
125
134
224
126
135
225
127
136
226
128
137
227
129
138
228
139
229
131
140
230
132
141
231
133
142
232
134
143
233
2823
2824
2825
135
144
234
2830
2831
2832
136
145
235
2837
2838
2839
137
146
236
2844
2845
2846
138
147
237
139
148
238
149
239
141
150
240
142
151
241
143
152
242
144
153
243
2851
2852
2853
145
154
244
1416
1417
1418
146
155
245
1423
1424
1425
147
156
246
2858
2859
2860
148
157
247
149
158
248
159
249
151
160
250
152
161
251
153
162
252
154
163
253
2865
2866
2867
155
164
254
1430
1431
1432
156
165
255
1437
1438
1439
157
166
256
2872
2873
2874
158
167
257
159
168
258
169
259
161
170
260
162
171
261
163
172
262
164
173
263
2879
2880
2881
165
174
264
2886
2887
2888
166
175
265
2893
2894
2895
167
176
266
2900
2901
2902
168
177
267
169
178
268
179
269
171
180
270
172
181
271
173
182
272
174
183
273
175
184
274
176
185
275
177
186
276
178
187
277
179
188
278
189
279
181
190
280
182
191
281
183
192
282
184
193
283
185
194
284
186
195
285
187
196
286
188
197
287
189
198
288
199
289
191
290
192
291
193
292
194
293
195
294
196
295
197
296
198
297
199
298
299
201
210
300
202
211
301
203
212
302
204
213
303
205
214
304
206
215
305
207
216
306
208
217
307
209
218
308
219
309
211
220
310
212
221
311
213
222
312
214
223
313
215
224
314
216
225
315
217
226
316
218
227
317
219
228
318
229
319
221
230
320
222
231
321
223
232
322
224
233
323
2823
2826
2827
2907
2908
2909
225
234
324
2830
2833
2834
2914
2915
2916
226
235
325
2837
2840
2841
2921
2922
2923
227
236
326
2844
2847
2848
2928
2929
2930
228
237
327
229
238
328
239
329
231
240
330
232
241
331
233
242
332
2824
2826
2828
2935
2936
2937
2823
2824
2826
2823
2830
2831
2833
2830
2837
2838
2840
2837
2844
2845
2847
238
247
337
2844
2846
2848
2850
2942
2943
2944
239
248
338
249
339
241
250
340
242
251
341
243
252
342
2852
2854
2856
2949
2950
2951
2824
2851
2852
2854
1416
1417
1419
2831
2851
1416
1423
1424
1426
2838
1423
2845
2858
2859
2861
248
257
347
2858
2860
2862
2864
2956
2957
2958
249
258
348
259
349
251
260
350
252
261
351
253
262
352
2866
2868
2870
2963
2964
2965
2852
2865
2866
2868
1417
1430
1431
1433
2865
1424
1430
1437
1438
1440
1437
2859
2872
2873
2875
258
267
357
2872
2874
2876
2878
2970
2971
2972
259
268
358
269
359
261
270
360
262
271
361
263
272
362
2880
2882
2884
2977
2978
2979
2866
2879
2880
2882
1431
2879
2886
2887
2889
1438
2886
2893
2894
2896
2873
2893
2900
2901
2903
268
277
367
2900
2902
2904
2906
2984
2985
2986
269
278
368
279
369
271
280
370
272
281
371
273
282
372
274
283
373
2880
2881
2884
2885
2991
2992
2993
275
284
374
2887
2888
2891
2892
2998
2999
3000
276
285
375
2894
2895
2898
2899
3005
3006
3007
277
286
376
2901
2902
2905
2906
3012
3013
3014
278
287
377
279
288
378
289
379
281
290
380
282
291
381
283
292
382
284
293
383
285
294
384
286
295
385
287
296
386
288
297
387
289
298
388
299
389
291
390
292
391
293
392
294
393
295
394
296
395
297
396
298
397
299
398
399
301
310
400
302
311
401
303
312
402
304
313
403
305
314
404
306
315
405
307
316
406
308
317
407
309
318
408
319
409
311
320
410
312
321
411
313
322
412
314
323
413
2907
2910
2911
315
324
414
2914
2917
2918
316
325
415
2921
2924
2925
317
326
416
2928
2931
2932
318
327
417
319
328
418
329
419
321
330
420
322
331
421
323
332
422
2908
2910
2912
2935
2938
2939
2907
2908
2910
2907
2914
2915
2917
2914
2921
2922
2924
2921
2928
2929
2931
328
337
427
2928
2930
2932
2934
2942
2945
2946
329
338
428
339
429
331
340
430
332
341
431
2936
2938
2940
2935
2936
2938
1444
1445
1447
2826
2908
2935
1444
1451
1452
1454
2833
2915
1451
1458
1459
1461
2840
2922
1458
1465
1466
1468
2847
2929
1465
2942
2943
2945
339
348
438
2942
2944
2946
2948
349
439
341
350
440
342
351
441
2950
2952
2954
2936
2949
2950
2952
1445
1472
1473
1475
2854
2949
1048
1049
1051
1419
1452
1472
1048
1055
1056
1426
1459
2287
2288
2289
2290
1055
1466
1479
1480
1482
2861
1479
2943
2956
2957
2959
349
358
448
2956
2958
2960
2962
359
449
351
360
450
352
361
451
2964
2966
2968
2950
2963
2964
2966
1473
1486
1487
1489
2868
2963
1049
1062
1063
1433
1486
2308
2309
2310
2311
1056
1062
1069
1070
1440
2329
2330
2331
2332
1069
1480
1493
1494
1496
2875
1493
2957
2970
2971
2973
359
368
458
2970
2972
2974
2976
369
459
361
370
460
362
371
461
2978
2980
2982
2964
2977
2978
2980
1487
1500
1501
1503
2882
2977
1063
1500
1507
1508
1510
2889
1070
1507
1514
1515
1517
2896
1494
1514
1521
1522
1524
2903
1521
2971
2984
2985
2987
369
378
468
2984
2986
2988
2990
379
469
371
380
470
372
381
471
373
382
472
2978
2979
2982
2983
2992
2994
2996
1501
2991
2992
2994
1508
2991
2998
2999
3001
1515
2998
3005
3006
3008
1522
3005
3012
3013
3015
378
387
477
2985
2986
2989
2990
3012
3014
3016
3018
379
388
478
389
479
381
390
480
382
391
481
383
392
482
384
393
483
2992
2993
2996
2997
385
394
484
2999
3000
3003
3004
386
395
485
3006
3007
3010
3011
387
396
486
3013
3014
3017
3018
388
397
487
389
398
488
399
489
391
490
392
491
393
492
394
493
395
494
396
495
397
496
398
497
399
498
499
401
410
500
402
411
501
403
412
502
404
413
503
405
414
504
406
415
505
407
416
506
408
417
507
409
418
508
419
509
411
420
510
412
421
511
413
422
512
414
423
513
3019
3022
3023
415
424
514
1528
1531
1532
416
425
515
1535
1538
1539
417
426
516
3026
3029
3030
418
427
517
419
428
518
429
519
421
430
520
422
431
521
423
432
522
3020
3022
3024
3033
3036
3037
2910
3019
3020
3022
1528
1529
1531
2917
3019
1528
1535
1536
1538
2924
1535
2931
3026
3027
3029
428
437
527
3026
3028
3030
3032
3040
3043
3044
429
438
528
439
529
431
440
530
432
441
531
3034
3036
3038
2938
3033
3034
3036
1447
1542
1543
1545
3020
3033
1192
1195
1454
1529
1542
2434
2435
2436
2437
1192
1199
1202
1461
1536
2462
2463
2464
2465
1199
1468
1549
1550
1552
3027
1549
2945
3040
3041
3043
439
448
538
3040
3042
3044
3046
449
539
441
450
540
442
451
541
1557
1559
1561
1556
1557
1559
2952
3034
1207
1209
1475
1543
1556
2490
2491
2492
2493
1051
1193
1206
1564
1565
1566
999
1058
1200
1571
1572
1573
1005
1482
1550
1577
1578
1581
1213
1584
1585
1587
2959
3041
449
458
548
1584
1586
1588
1590
459
549
451
460
550
452
461
551
1592
1594
1596
1557
1591
1592
1594
2966
1207
1221
1223
1489
1591
2539
2540
2541
2542
1000
1065
1220
1599
1600
1601
1006
1011
1072
1077
1078
1079
1017
1214
1496
1605
1606
1609
1227
1585
1612
1613
1615
2973
459
468
557
1612
1614
1616
1618
469
558
461
470
559
462
471
560
3048
3050
3052
1592
2980
3047
3048
3050
1221
1503
1619
1620
1622
3047
1012
1510
1619
1626
1627
1630
1018
1234
1517
1633
1634
1637
1228
1241
1524
1640
1641
1643
2565
2568
2570
2607
2610
2612
1613
1640
2987
3054
3055
3057
469
478
567
3054
3056
3058
3060
479
568
471
480
569
472
481
570
473
482
571
1648
1650
1652
3048
3049
3052
3053
1620
1647
1648
1650
2994
1235
1647
1654
1655
1657
3001
1242
1654
1661
1662
1664
3008
1641
1661
1668
1669
1671
3015
478
487
576
1668
1670
1672
1674
3055
3056
3059
3060
479
488
577
489
578
481
490
579
482
491
580
483
492
581
484
493
582
1648
1649
1652
1653
485
494
583
1655
1656
1659
1660
486
495
584
1662
1663
1666
1667
487
496
585
1669
1670
1673
1674
488
497
586
489
498
587
499
588
491
589
492
590
493
591
494
592
495
593
496
594
497
595
498
596
499
597
598
501
510
599
502
511
600
503
512
601
504
513
602
505
514
603
506
515
604
507
516
605
508
517
606
509
518
607
519
608
511
520
609
512
521
610
513
522
611
514
523
612
3061
3064
3065
515
524
613
1675
1678
1679
516
525
614
1682
1685
1686
517
526
615
3068
3071
3072
518
527
616
519
528
617
529
618
521
530
619
522
531
620
523
532
621
3062
3064
3066
3075
3078
3079
3022
3061
3062
3064
1531
1675
1676
1678
3061
1538
1675
1682
1683
1685
1682
3029
3068
3069
3071
528
537
626
3068
3070
3072
3074
3082
3085
3086
529
538
627
539
628
531
540
629
532
541
630
3076
3078
3080
3036
3075
3076
3078
1545
1689
1690
1692
3062
3075
1195
1248
1251
1676
1689
2630
2631
2632
2633
1202
1248
1255
1258
1683
2658
2659
2660
2661
1255
1552
1696
1697
1699
3069
1696
3043
3082
3083
3085
539
548
637
3082
3084
3086
3088
549
638
541
550
639
542
551
640
1704
1706
1708
1559
1703
1704
1706
3076
1209
1263
1265
1690
1703
2686
2687
2688
2689
1002
1249
1262
1711
1712
1713
1008
1023
1256
1270
1271
1272
1029
1216
1697
1717
1718
1721
1276
1587
1724
1725
1727
3083
549
557
647
1724
1726
1728
1730
558
648
551
559
649
552
560
650
1732
1734
1736
1594
1704
1731
1732
1734
1223
1263
1284
1286
1731
2735
2736
2737
2738
1014
1024
1283
1291
1292
1293
1041
1230
1277
1738
1739
1742
1297
1615
1725
1745
1746
1748
558
567
657
1745
1747
1749
1751
568
658
560
569
659
561
570
660
3090
3092
3094
1732
3050
3089
3090
3092
1284
1622
1752
1753
1755
3089
1035
1237
1752
1759
1760
1763
1042
1244
1304
1766
1767
1770
1298
1311
1643
1773
1774
1776
2761
2764
2766
2803
2806
2808
1746
1773
3057
3096
3097
3099
568
577
667
3096
3098
3100
3102
578
668
570
579
669
571
580
670
572
581
671
1781
1783
1785
3090
3091
3094
3095
1650
1753
1780
1781
1783
1305
1657
1780
1787
1788
1790
1312
1664
1787
1794
1795
1797
1671
1774
1794
1801
1802
1804
577
586
676
1801
1803
1805
1807
3097
3098
3101
3102
578
587
677
588
678
580
589
679
581
590
680
582
591
681
583
592
682
1781
1782
1785
1786
584
593
683
1788
1789
1792
1793
585
594
684
1795
1796
1799
1800
586
595
685
1802
1803
1806
1807
587
596
686
588
597
687
598
688
590
689
591
690
592
691
593
692
594
693
595
694
596
695
597
696
598
697
698
600
609
699
601
610
700
602
611
701
603
612
702
604
613
703
605
614
704
606
615
705
607
616
706
608
617
707
618
708
610
619
709
611
620
710
612
621
711
613
622
712
3103
3106
3107
614
623
713
3110
3113
3114
615
624
714
3117
3120
3121
616
625
715
3124
3127
3128
617
626
716
618
627
717
628
718
620
629
719
621
630
720
622
631
721
3104
3106
3108
3131
3134
3135
3064
3103
3104
3106
1678
3103
3110
3111
3113
1685
3110
3117
3118
3120
3071
3117
3124
3125
3127
627
636
726
3124
3126
3128
3130
3138
3141
3142
628
637
727
638
728
630
639
729
631
640
730
3132
3134
3136
3078
3131
3132
3134
1692
1808
1809
1811
3104
3131
1251
1808
1815
1816
1818
3111
1258
1815
1822
1823
1825
3118
1699
1822
1829
1830
1832
3125
1829
3085
3138
3139
3141
638
647
737
3138
3140
3142
3144
648
738
640
649
739
641
650
740
3146
3148
3150
1706
3132
3145
3146
3148
1265
1809
1836
1837
1839
3145
1025
1816
1836
1843
1844
1847
1031
1087
1823
1850
1851
1854
1094
1279
1830
1857
1858
1860
2369
2372
2374
2719
2722
2724
1727
1857
3139
3152
3153
3155
648
657
747
3152
3154
3156
3158
658
748
650
659
749
651
660
750
3160
3162
3164
1734
3146
3159
3160
3162
1286
1837
1864
1865
1867
3159
1037
1088
1864
1871
1872
1875
1044
1095
1101
1878
1879
1882
1108
1300
1858
1885
1886
1888
2411
2414
2416
2768
2771
2773
1748
1885
3153
3166
3167
3169
658
667
757
3166
3168
3170
3172
668
758
660
669
759
661
670
760
3174
3176
3178
3092
3160
3173
3174
3176
1755
1865
1892
1893
1895
3173
1102
1307
1892
1899
1900
1902
2397
2400
2402
2789
2792
2794
1109
1314
1899
1906
1907
1909
2418
2421
2423
2810
2813
2815
1776
1886
1906
1913
1914
1916
1913
3099
3167
3180
3181
3183
668
677
767
3180
3182
3184
3186
678
768
670
679
769
671
680
770
672
681
771
1921
1923
1925
3174
3175
3178
3179
1783
1893
1920
1921
1923
1790
1900
1920
1927
1928
1930
1797
1907
1927
1934
1935
1937
1804
1914
1934
1941
1942
1944
677
686
776
1941
1943
1945
1947
3181
3182
3185
3186
678
687
777
688
778
680
689
779
681
690
780
682
691
781
683
692
782
1921
1922
1925
1926
684
693
783
1928
1929
1932
1933
685
694
784
1935
1936
1939
1940
686
695
785
1942
1943
1946
1947
687
696
786
688
697
787
698
788
690
789
691
790
692
791
693
792
694
793
695
794
696
795
697
796
698
797
798
700
709
799
701
710
800
702
711
801
703
712
802
704
713
803
705
714
804
706
715
805
707
716
806
708
717
807
718
808
710
719
809
711
720
810
712
721
811
713
722
812
714
723
813
715
724
814
716
725
815
717
726
816
718
727
817
728
818
720
729
819
721
730
820
722
731
821
723
732
822
3106
3107
3108
3109
3187
3190
3191
724
733
823
1948
1951
1952
3113
3114
3115
3116
725
734
824
1955
1958
1959
3120
3121
3122
3123
726
735
825
1962
1965
1966
3127
3128
3129
3130
727
736
826
728
737
827
738
828
730
739
829
731
740
830
732
741
831
3134
3135
3136
3137
3188
3190
3192
1811
3187
3188
3190
1818
1948
1949
1951
3187
1825
1948
1955
1956
1958
1832
1955
1962
1963
1965
737
746
836
1962
1964
1966
1968
3141
3142
3143
3144
738
747
837
748
838
740
749
839
741
750
840
742
751
841
1970
1972
1974
3148
3149
3150
3151
1839
1969
1970
1972
3188
1090
1949
1969
1976
1977
1979
1097
1956
1976
1983
1984
1986
1860
1963
1983
1990
1991
1993
747
756
846
1990
1992
1994
1996
3155
3156
3157
3158
748
757
847
758
848
750
759
849
751
760
850
752
761
851
1998
2000
2002
3162
3163
3164
3165
1867
1970
1997
1998
2000
1104
1977
1997
2004
2005
2007
1111
1984
2004
2011
2012
2014
1888
1991
2011
2018
2019
2021
757
766
856
2018
2020
2022
2024
3169
3170
3171
3172
758
767
857
768
858
760
769
859
761
770
860
762
771
861
2026
2028
2030
3176
3177
3178
3179
1895
1998
2025
2026
2028
1902
2005
2025
2032
2033
2035
1909
2012
2032
2039
2040
2042
1916
2019
2039
2046
2047
2049
767
776
866
2046
2048
2050
2052
3183
3184
3185
3186
768
777
867
778
868
770
779
869
771
780
870
772
781
871
773
782
872
1923
1924
1925
1926
2026
2027
2030
2031
2054
2056
2058
1930
2033
2053
2054
2056
1937
2040
2053
2060
2061
2063
776
785
875
1944
1945
1946
1947
2047
2048
2051
2052
2060
2062
2064
2066
777
786
876
778
787
877
788
878
780
789
879
781
790
880
782
791
881
783
792
882
784
793
883
2054
2055
2058
2059
785
794
884
2061
2062
2065
2066
786
795
885
787
796
886
788
797
887
798
888
790
889
791
890
792
891
793
892
794
893
795
894
796
895
797
896
798
897
898
800
809
899
801
810
900
802
811
901
803
812
902
804
813
903
805
814
904
806
815
905
807
816
906
808
817
907
818
908
810
819
909
811
820
910
812
821
911
813
822
912
814
823
913
815
824
914
816
825
915
817
826
916
818
827
917
828
918
820
829
919
821
830
920
822
831
921
823
832
922
824
833
923
825
834
924
826
835
925
827
836
926
828
837
927
838
928
830
839
929
831
840
930
832
841
931
833
842
932
3190
3191
3192
3193
834
843
933
1951
1952
1953
1954
835
844
934
1958
1959
1960
1961
836
845
935
1965
1966
1967
1968
837
846
936
838
847
937
848
938
840
849
939
841
850
940
842
851
941
843
852
942
1972
1973
1974
1975
844
853
943
1979
1980
1981
1982
845
854
944
1986
1987
1988
1989
846
855
945
1993
1994
1995
1996
847
856
946
848
857
947
858
948
850
859
949
851
860
950
852
861
951
853
862
952
2000
2001
2002
2003
854
863
953
2007
2008
2009
2010
855
864
954
2014
2015
2016
2017
856
865
955
2021
2022
2023
2024
857
866
956
858
867
957
868
958
860
869
959
861
870
960
862
871
961
863
872
962
2028
2029
2030
2031
864
873
963
2035
2036
2037
2038
865
874
964
2042
2043
2044
2045
866
875
965
2049
2050
2051
2052
867
876
966
868
877
967
878
968
870
879
969
871
880
970
872
881
971
873
882
972
874
883
973
2056
2057
2058
2059
875
884
974
2063
2064
2065
2066
876
885
975
877
886
976
878
887
977
888
978
880
889
979
881
890
980
882
891
981
883
892
982
884
893
983
885
894
984
886
895
985
887
896
986
888
897
987
898
988
890
989
891
990
892
991
893
992
894
993
895
994
896
995
897
996
898
997
998
900
909
901
910
902
911
903
912
904
913
905
914
906
915
907
916
908
917
918
910
919
911
920
912
921
913
922
914
923
915
924
916
925
917
926
918
927
928
920
929
921
930
922
931
923
932
924
933
925
934
926
935
927
936
928
937
938
930
939
931
940
932
941
933
942
934
943
935
944
936
945
937
946
938
947
948
940
949
941
950
942
951
943
952
944
953
945
954
946
955
947
956
948
957
958
950
959
951
960
952
961
953
962
954
963
955
964
956
965
957
966
958
967
968
960
969
961
970
962
971
963
972
964
973
965
974
966
975
967
976
968
977
978
970
979
971
980
972
981
973
982
974
983
975
984
976
985
977
986
978
987
988
980
989
981
990
982
991
983
992
984
993
985
994
986
995
987
996
988
997
998
990
991
992
993
994
995
996
997
998
1052
1194
2068
2069
2070
1053
1208
2075
2076
2077
1006
1011
1054
1116
1117
1118
1197
1210
2082
2083
2084
1008
1023
1198
1319
1320
1321
1014
1024
1212
1326
1327
1328
1059
1201
2089
2090
2091
1060
1127
1128
1129
1017
1061
1214
2096
2097
2098
1204
1333
1334
1335
1029
1205
1216
2103
2104
2105
1020
1030
1218
1340
1341
1342
1066
1138
1139
1140
1067
1222
2110
2111
2112
1018
1068
1234
2117
2118
2119
1224
1347
1348
1349
1035
1226
1237
2124
2125
2126
1021
1036
1238
1354
1355
1356
1073
2131
2132
2133
1074
2138
2139
2140
1075
1228
1241
2145
2146
2147
1041
1230
1361
1362
1363
1042
1244
1368
1369
1370
1043
1232
1245
2152
2153
2154
1250
1375
1376
1377
1264
1382
1383
1384
1253
1266
2159
2160
2161
1031
1087
1254
2166
2167
2168
1037
1088
1268
2173
2174
2175
1033
1038
1089
1157
1158
1159
1257
2180
2181
2182
1041
1277
1389
1390
1391
1260
2187
2188
2189
1094
1261
1279
2194
2195
2196
1044
1095
1168
1169
1170
1045
1096
1281
2201
2202
2203
1285
2208
2209
2210
1042
1304
1396
1397
1398
1287
2215
2216
2217
1044
1101
1179
1180
1181
1102
1289
1307
2222
2223
2224
1046
1103
1308
2229
2230
2231
1403
1404
1405
1410
1411
1412
1298
1311
2236
2237
2238
1186
1187
1188
1108
1300
2243
2244
2245
1109
1314
2250
2251
2252
1110
1302
1315
2257
2258
2259
1050
1420
1453
2266
2267
2268
2269
1050
1421
1474
2273
2274
2275
2276
1056
1062
1422
2280
2281
2282
2283
1456
1476
1564
1565
1567
2263
2265
2266
2268
2270
2272
2273
2275
1058
1457
2263
2264
2267
1065
1478
2270
2271
2274
1060
1066
2277
2278
2281
1057
1059
1427
1460
1057
1428
2294
2295
2296
2297
1069
1429
1480
2301
2302
2303
2304
1463
2284
2285
2288
1464
1482
2089
2090
2092
2284
2286
2287
2289
2298
2300
2301
2303
1072
2291
2292
2295
1073
1484
2298
2299
2302
1064
1434
2315
2316
2317
2318
1064
1067
1435
1488
1070
1436
1507
2322
2323
2324
2325
1490
2305
2306
2309
1072
2312
2313
2316
1492
1510
2110
2111
2113
2306
2307
2308
2311
2320
2321
2322
2325
1074
1511
2319
2320
2323
1071
1441
2336
2337
2338
2339
1071
1442
2343
2344
2345
2346
1075
1443
1494
1514
2326
2327
2330
1496
2333
2334
2337
1517
2340
2341
2344
1498
1518
2145
2146
2148
2334
2335
2336
2339
2341
2342
2343
2346
1080
1081
1082
1148
2130
2137
1080
1081
1128
2131
2326
1080
1082
1139
2138
2327
1081
1082
1129
1140
2134
2141
2328
1132
2135
1143
2142
1086
1185
1402
1409
1086
1149
1165
1403
1086
1150
1176
1410
1151
1406
1413
1817
2347
2348
2351
1838
2354
2355
2358
1095
1101
2361
2362
2365
1091
1092
1820
1840
1846
1847
1848
1849
1093
1097
1821
1976
2350
2351
2352
2353
1093
1104
1842
1977
2357
2358
2359
2360
1099
1105
1978
2364
2365
2366
2367
1824
2368
2369
2372
2375
2376
2379
1108
1858
2382
2383
2386
1098
1099
1827
1853
1854
1855
1856
1100
1828
1860
1983
2371
2372
2373
2374
1100
1111
1984
2378
2379
2380
2381
1112
1862
1985
2385
2386
2387
2388
2389
2390
2393
1866
2396
2397
2400
1109
1899
2403
2404
2407
1105
1106
1868
1874
1875
1876
1877
1107
1111
2004
2392
2393
2394
2395
1107
1870
1902
2005
2399
2400
2401
2402
1113
1903
2006
2406
2407
2408
2409
2410
2411
2414
2417
2418
2421
1886
1906
2424
2425
2428
1112
1113
1881
1882
1883
1884
1114
1888
2011
2413
2414
2415
2416
1114
1909
2012
2420
2421
2422
2423
1890
1910
2013
2427
2428
2429
2430
1119
1120
1121
1122
2067
2074
1119
1120
1127
2069
2277
1119
1121
1138
2076
2278
1120
1121
1129
1140
2071
2078
2279
1131
2073
1142
2080
1125
1318
1325
1125
1134
1153
1321
1125
1145
1154
1328
1155
1324
1331
1130
1131
1132
1133
1570
2095
1130
1131
1572
2291
1130
1132
2097
2292
1131
1132
1574
2099
2293
1576
2101
1136
1332
1339
1136
1164
1335
1136
1149
1165
1342
1166
1338
1345
1141
1142
1143
1144
1598
2116
1141
1142
1599
2312
1141
1143
2117
2313
1142
1143
1602
2120
2314
1603
2121
1147
1346
1353
1147
1175
1348
1147
1150
1176
1355
1177
1352
1359
1151
1360
1367
1151
1362
1151
1369
1366
1373
1155
1156
1374
1381
1155
1164
1376
1155
1175
1383
1378
1385
1160
1161
1162
2165
2172
1160
1161
1168
1179
1160
1162
1169
2168
2361
1161
1162
1180
2175
2362
1171
2170
1182
2177
2171
2178
2363
1166
1167
1269
1388
1166
1271
1166
1390
1273
1392
1171
1172
1173
2186
2200
1171
1172
1186
1171
1173
2189
2375
1172
1173
1187
2203
2376
2191
1189
2205
2192
2206
2377
1177
1178
1290
1395
1177
1291
1177
1396
1294
1399
1182
1183
1184
2214
2228
1182
1183
1186
1182
1184
2216
2389
1183
1184
1188
2230
2390
2218
1190
2232
2220
2234
2391
1189
1190
1191
2242
2249
1189
1190
1189
1191
1878
2244
1190
1191
1879
2251
2246
2253
1880
2248
2255
1196
1455
1530
2441
2442
2443
2444
1456
1544
2431
2432
2435
1200
1457
2438
2439
2442
1196
1533
1546
2448
2449
2450
2451
1202
1248
1534
2455
2456
2457
2458
1249
1548
2445
2446
2449
1204
1250
2452
2453
2456
1203
1462
1537
2469
2470
2471
2472
1463
2459
2460
2463
1464
1550
2466
2467
2470
1203
1540
2476
2477
2478
2479
1255
1541
1552
2483
2484
2485
2486
1256
2473
2474
2477
1257
1554
2480
2481
2484
1476
1544
2487
2488
2491
1211
1477
1558
2497
2498
2499
2500
1220
1478
2494
2495
2498
1211
1547
1560
2504
2505
2506
2507
1262
1548
2501
2502
2505
1223
1263
1562
2511
2512
2513
2514
1224
1264
2508
2509
2512
1215
1217
1483
1551
1580
1581
1582
1583
1484
2515
2516
2519
1219
1227
1485
1585
2518
2519
2520
2521
1554
2522
2523
2526
1219
1276
1555
1587
2525
2526
2527
2528
1230
1277
2529
2530
2533
1231
1278
1589
2532
2533
2534
2535
1490
2536
2537
2540
1225
1491
1593
2546
2547
2548
2549
1492
1619
2543
2544
2547
1225
1595
2553
2554
2555
2556
1283
2550
2551
2554
1284
1597
1622
2560
2561
2562
2563
1285
1623
2557
2558
2561
1229
1231
1497
1608
1609
1610
1611
1498
2564
2565
2568
1233
1499
1613
1640
2567
2568
2569
2570
2571
2572
2575
1233
1297
1615
2574
2575
2576
2577
1298
1643
2578
2579
2582
1299
1617
1644
2581
2582
2583
2584
1511
2585
2586
2589
1236
1239
1512
1621
1629
1630
1631
1632
1240
1242
1513
1654
2588
2589
2590
2591
1623
2592
2593
2596
1244
1304
2599
2600
2603
1240
1305
1625
1657
2595
2596
2597
2598
1246
1306
1658
2602
2603
2604
2605
1518
2606
2607
2610
1243
1246
1519
1636
1637
1638
1639
1247
1520
1641
1661
2609
2610
2611
2612
2613
2614
2617
1311
1643
2620
2621
2624
1247
1312
1664
2616
2617
2618
2619
1313
1645
1665
2623
2624
2625
2626
1252
1677
2637
2638
2639
2640
1691
2627
2628
2631
1256
2634
2635
2638
1252
1680
1693
2644
2645
2646
2647
1258
1681
1815
2651
2652
2653
2654
1695
1816
2641
2642
2645
1260
1817
2648
2649
2652
1259
1684
2665
2666
2667
2668
2655
2656
2659
1697
2662
2663
2666
1259
1687
2672
2673
2674
2675
1688
1699
1822
2679
2680
2681
2682
1823
2669
2670
2673
1701
1824
2676
2677
2680
1691
2683
2684
2687
1267
1705
2693
2694
2695
2696
1283
2690
2691
2694
1267
1694
1707
2700
2701
2702
2703
1695
1836
2697
2698
2701
1286
1709
1837
2707
2708
2709
2710
1287
1838
2704
2705
2708
1273
1274
1275
2179
2186
1273
1274
1334
2180
2655
1273
1275
1335
1376
1274
1275
1377
2187
2656
1338
2183
2184
2190
2657
1380
2191
1278
1280
1698
1720
1721
1722
1723
2711
2712
2715
1282
1297
1725
2714
2715
2716
2717
1701
2718
2719
2722
1282
1702
1727
1857
2721
2722
2723
2724
1300
1858
2725
2726
2729
1301
1729
1859
2728
2729
2730
2731
2732
2733
2736
1288
1733
2742
2743
2744
2745
1752
2739
2740
2743
1288
1735
2749
2750
2751
2752
1864
2746
2747
2750
1737
1755
1865
2756
2757
2758
2759
1756
1866
2753
2754
2757
1294
1295
1296
2207
2214
1294
1295
1348
1383
1294
1296
1349
2208
2732
1295
1296
1384
2215
2733
1352
2211
1387
2218
2212
2219
2734
1299
1301
1741
1742
1743
1744
2760
2761
2764
1303
1746
1773
2763
2764
2765
2766
2767
2768
2771
1303
1748
1885
2770
2771
2772
2773
1776
1886
2774
2775
2778
1750
1777
1887
2777
2778
2779
2780
2781
2782
2785
1306
1309
1754
1762
1763
1764
1765
1310
1312
1787
2784
2785
2786
2787
1756
2788
2789
2792
1314
1899
2795
2796
2799
1310
1758
1790
1900
2791
2792
2793
2794
1316
1791
1901
2798
2799
2800
2801
2802
2803
2806
1313
1316
1769
1770
1771
1772
1317
1774
1794
2805
2806
2807
2808
2809
2810
2813
1776
1906
2816
2817
2820
1317
1797
1907
2812
2813
2814
2815
1778
1798
1908
2819
2820
2821
2822
1322
1323
1324
2067
2081
1322
1323
1333
2070
2452
1322
1324
1375
2083
2453
1323
1324
1335
1376
2072
2085
2454
1337
2073
1378
2087
1329
1330
1331
2074
2081
1329
1330
1347
2077
2508
1329
1331
1382
2084
2509
1330
1331
1348
1383
2079
2086
2510
1350
2080
1385
2087
1336
1337
1338
1570
2102
1336
1337
1573
2473
1336
1338
2104
2474
1337
1338
1575
2106
2475
1576
2108
1343
1344
1345
2095
2102
1343
1344
1361
2098
2529
1343
1345
1389
2105
2530
1344
1345
1362
1390
2100
2107
2531
1364
2101
1392
2108
1350
1351
1352
1598
2123
1350
1351
1601
2550
1350
1352
1351
1352
2125
2551
1603
1604
2127
2552
2129
1357
1358
1359
2116
2123
1357
1358
1368
2119
2599
1357
1359
1369
1396
1358
1359
1397
2126
2600
1371
2121
2122
2128
2601
1399
2129
1364
1365
1366
2130
2151
1364
1365
2133
2571
1364
1366
1403
1365
1366
1404
2153
2572
2135
2136
2155
2573
1406
2157
1371
1372
1373
2137
2151
1371
1372
2140
2613
1371
1373
1410
1372
1373
1411
2154
2614
2142
2143
2156
2615
1413
2157
1378
1379
1380
1710
2165
1378
1379
1711
2634
1378
1380
1379
1380
2166
2635
1714
1715
2169
2636
2170
1385
1386
1387
1710
2172
1385
1386
1712
2690
1385
1387
1386
1387
2173
2691
1714
1716
2176
2692
2177
1392
1393
1394
2179
2200
1392
1393
2181
2711
1392
1394
1403
1393
1394
1405
2201
2712
2183
2185
2204
2713
1407
2205
1399
1400
1401
2207
2228
1399
1400
1410
1399
1401
2209
2781
1400
1401
1412
2229
2782
2211
1414
2232
2213
2233
2783
1406
1407
1408
2235
2242
1406
1407
1406
1408
1738
2236
1407
1408
1739
2243
2239
2246
1740
2240
2247
1413
1414
1415
2235
2249
1413
1414
1413
1415
1766
2237
1414
1415
1767
2250
2239
2253
1768
2241
2254
1418
1420
2832
1418
1421
2853
1422
1424
1430
1420
1421
2835
2855
1422
1426
2836
1422
1433
2857
1428
1434
1425
1427
2839
1425
1428
1429
1437
2859
1427
1428
2842
1429
2843
2861
1429
1440
1441
2863
1432
1434
1432
1435
2867
1436
1438
2886
1434
1435
2869
1436
1440
1436
2871
2889
1442
2890
1439
1441
1439
1442
1443
2873
2893
1441
1442
1443
2875
1443
2896
2877
2897
1446
1448
2827
2909
1446
1449
2828
2937
1450
1452
1472
2829
1448
1449
2912
2939
1450
1454
1542
2913
1450
1475
1543
2941
1456
1476
1544
1453
1455
2834
2916
1453
1456
2835
1457
1459
2836
1455
1456
2919
1457
1461
2920
1457
2431
2435
2436
1463
2263
2267
2268
2438
2442
2443
1460
1462
2841
2923
1460
1463
2842
1464
1466
2843
1462
1463
2926
1464
1468
2927
1464
2284
2288
2289
2459
2463
2464
1470
2466
2470
2471
1467
1469
2848
2930
1467
1470
2849
1471
1479
2850
2943
1469
1470
2933
1471
1549
2934
2945
1471
1482
1550
1483
1551
2947
1474
1476
2855
1474
1477
2856
2951
1478
1486
2857
1476
1477
2953
1478
2487
2491
2492
1478
1489
2955
1490
2270
2274
2275
2494
2498
2499
1481
1483
2862
1481
1484
2863
1485
1493
2864
2957
1483
1484
1577
1581
1582
1485
2959
1485
1496
2298
2302
2303
2515
2519
2520
1497
2961
1488
1490
2869
1488
1491
2870
2965
1492
1500
2871
1490
1491
2967
1492
2306
2309
2311
2536
2540
2541
1492
1503
2969
1504
2543
2547
2548
1495
1497
2876
1495
1498
2877
1499
1521
2878
2971
1497
1498
1605
1609
1610
2334
2337
2339
1499
2973
1499
1524
2564
2568
2569
1525
2975
1502
1504
2883
1502
1505
2884
2979
1506
1508
2885
2991
1504
1505
2981
1506
1510
1619
1506
1620
2983
2994
1512
1621
2995
1509
1511
2890
1509
1512
2891
1513
1515
2892
2998
1511
1512
1626
1630
1631
1513
1517
2320
2323
2325
2585
2589
2590
1513
3001
1519
3002
1516
1518
2897
1516
1519
2898
1520
1522
2899
3005
1518
1519
1633
1637
1638
2341
2344
2346
1520
1524
2606
2610
2611
1520
3008
1526
3009
1523
1525
2904
1523
1526
2905
1527
2906
2985
3012
1525
1526
1527
1640
2987
1527
1641
3015
1642
2989
3016
1530
1532
2918
1530
1533
2919
3021
1534
1536
2920
1532
1533
3023
1534
1538
1675
1534
1676
3025
1540
1677
1537
1539
2925
1537
1540
2926
1541
2927
3027
1539
1540
1541
1682
3029
1541
1683
1684
3031
1544
1546
3021
1544
1547
3035
1548
2432
2435
2437
2488
2491
2493
1546
1547
3024
3037
1548
1689
3025
1548
1690
3039
1691
2445
2449
2450
2501
2505
2506
1551
1553
3028
1551
1554
1578
1581
1583
2467
2470
2472
1555
3041
1553
1554
3031
1555
1696
3032
3043
1555
1697
2480
2484
2485
2522
2526
2527
1698
3045
1558
1560
2953
3035
1558
1561
2954
1562
1591
2955
1560
1561
3038
1562
1703
3039
1562
1594
1704
1595
1705
1567
1568
1569
2067
2074
2081
1567
1568
2068
2431
1567
1569
2075
2487
1568
1569
2082
2432
2488
2071
2078
2072
2085
2433
2079
2086
2489
1574
1575
1576
2088
1574
1575
2089
2284
2459
1574
1576
2069
2285
1575
1576
2070
2460
2092
2286
2093
2461
2073
1579
1582
2090
2515
1579
1583
2091
2522
1580
2094
2517
2524
1582
1583
2518
2525
1582
1583
2520
2527
1586
1588
2960
3042
1586
1589
2961
1590
1612
2962
1588
1589
3045
1590
1724
3046
1590
1615
1725
1616
1726
1593
1595
2967
1593
1596
2968
1597
2969
3047
1595
1596
1597
1731
1597
1732
3050
1733
3051
1602
1603
1604
2109
1602
1603
2076
2305
1602
1604
2110
2306
2536
1603
1604
2077
2537
2113
2307
2080
2114
2538
1607
1610
2132
2564
1607
1611
2133
2516
2571
1608
2136
2566
2573
1610
1611
2567
2574
1610
1611
2519
2569
2521
2576
1614
1616
2974
1614
1617
2975
1618
2976
3054
1616
1617
1618
1745
1618
1746
3057
1747
3058
1621
1623
1627
1630
1632
2544
2547
2549
1621
1624
3049
1625
1647
1623
1624
3051
1625
1752
2557
2561
2562
2592
2596
2597
1625
1650
1753
3053
1651
1754
1628
1631
2111
2585
1628
1632
2112
2592
1629
2115
2587
2594
1631
1632
2588
2595
1631
1632
2590
2597
1635
1638
2139
2606
1635
1639
2140
2586
2613
1636
2143
2608
2615
1638
1639
2609
2616
1638
1639
2589
2611
2591
2618
1642
1644
1642
1645
1646
1668
3055
1644
1645
2578
2582
2583
2620
2624
2625
1646
1773
3057
1646
1671
1774
1672
1775
3059
1649
1651
2995
1649
1652
2996
1653
1655
2997
1651
1652
1653
1657
1780
1653
1781
1659
1782
1656
1658
3002
1656
1659
3003
1660
1662
3004
1658
1659
1660
1664
1787
1660
1788
1666
1789
1663
1665
3009
1663
1666
3010
1667
1669
3011
1665
1666
1667
1671
1794
1667
1795
1673
1796
1670
1672
3016
1670
1673
3017
1674
3018
1672
1673
1674
1801
1674
1802
1803
1677
1679
1677
1680
3063
1681
1683
1679
1680
3065
1681
1685
3110
1681
3067
3111
1687
3112
1684
1686
1684
1687
1688
3069
1686
1687
1688
3071
3117
1688
3118
3073
3119
1691
1693
3063
1691
1694
3077
1695
2628
2631
2633
2684
2687
2689
1693
1694
3066
3079
1695
1808
3067
1695
1809
3081
1810
2641
2645
2646
2697
2701
2702
1698
1700
3070
1698
1701
1718
1721
1723
2663
2666
2668
1702
3083
1700
1701
3073
1702
1829
3074
3085
1702
1830
2676
2680
2681
2718
2722
2723
1831
3087
1705
1707
3077
1705
1708
1709
1731
1707
1708
3080
1709
3081
3145
1709
1734
3146
1735
3147
1714
1715
1716
2158
1714
1715
2083
2627
1714
1716
2084
2683
1715
1716
2159
2628
2684
2087
2162
2629
2163
2685
1719
1722
2181
2523
2711
1719
1723
2182
2718
1720
2185
2713
2720
1722
1723
2714
2721
1722
1723
2526
2528
2716
2723
1726
1728
3084
1726
1729
1730
1745
1728
1729
3087
1730
3088
3152
1730
1748
3153
1749
3154
1733
1735
1733
1736
1737
3089
1735
1736
1737
3159
1737
3092
3160
3093
3161
1740
1743
2572
2760
1740
1744
2712
2767
1741
2762
2769
1743
1744
2763
2770
1743
1744
2575
2715
2577
2765
2717
2772
1747
1749
1747
1750
1751
3096
1749
1750
1751
3166
1751
3099
3167
3100
3168
1754
1756
1760
1763
1765
2740
2743
2745
1754
1757
3091
1758
1780
1756
1757
3093
1758
1892
2753
2757
2758
2788
2792
2793
1758
1783
1893
3095
1784
1894
1761
1764
2209
2593
2781
1761
1765
2210
2788
1762
2213
2783
2790
1764
1765
2784
2791
1764
1765
2596
2598
2786
2793
1768
1771
2614
2802
1768
1772
2782
2809
1769
2804
2811
1771
1772
2805
2812
1771
1772
2617
2785
2619
2807
2787
2814
1775
1777
1775
1778
1779
1801
3097
1777
1778
2774
2778
2779
2816
2820
2821
1779
1913
3099
1779
1804
1914
1805
1915
3101
1782
1784
1782
1785
1786
1788
1784
1785
1786
1790
1920
1786
1921
1792
1922
1789
1791
1789
1792
1793
1795
1791
1792
1793
1797
1927
1793
1928
1799
1929
1796
1798
1796
1799
1800
1802
1798
1799
1800
1804
1934
1800
1935
1806
1936
1803
1805
1803
1806
1807
1805
1806
1807
1941
1807
1942
1943
1810
1812
3105
1810
1813
3133
1814
1816
1836
1812
1813
3108
3135
1814
1818
3109
3187
1814
1839
3137
3188
1820
1840
3189
1817
1819
3112
1817
1820
1843
1847
1848
2642
2645
2647
1821
1823
2347
2351
2352
2649
2652
2654
1819
1820
3115
1821
1825
1948
3116
1821
1949
1827
1950
1824
1826
3119
1824
1827
1850
1854
1855
2670
2673
2675
1828
1830
2368
2372
2373
2677
2680
2682
1826
1827
3122
1828
1832
1955
3123
1828
1956
1834
1957
1831
1833
3126
1831
1834
1835
1857
3139
1833
1834
3129
1835
1962
3130
3141
1835
1860
1963
1861
1964
3143
1838
1840
1844
1847
1849
2698
2701
2703
1838
1841
3147
1842
1864
2354
2358
2359
2705
2708
2710
1840
1841
3149
1842
1969
1842
1867
1970
3151
1868
1971
1845
1848
2160
2347
1845
1849
2161
2354
1846
2164
2349
2356
1848
1849
2350
2357
1848
1849
2352
2359
1852
1855
2188
2368
1852
1856
2189
2348
2375
1853
2192
2370
2377
1855
1856
2371
2378
1855
1856
2351
2373
2353
2380
1859
1861
1859
1862
2382
2386
2387
2726
2729
2731
1863
1885
3153
1861
1862
1863
1990
3155
1863
1888
1991
1889
1992
3157
1866
1868
1872
1875
1877
2747
2750
2752
1866
1869
3161
1870
1892
2396
2400
2401
2754
2757
2759
1868
1869
3163
1870
1997
1870
1895
1998
3165
1896
1999
1873
1876
2216
2355
2389
1873
1877
2217
2396
1874
2220
2391
2398
1876
1877
2392
2399
1876
1877
2358
2360
2394
2401
1880
1883
2376
2410
1880
1884
2390
2417
1881
2412
2419
1883
1884
2413
2420
1883
1884
2379
2393
2381
2415
2395
2422
1887
1889
1887
1890
2424
2428
2429
2775
2778
2780
1891
1913
3167
1889
1890
1891
2018
3169
1891
1916
2019
1917
2020
3171
1894
1896
1894
1897
3175
1898
1900
1920
1896
1897
3177
1898
1902
2025
1898
1923
2026
3179
1904
1924
2027
1901
1903
2404
2407
2409
2796
2799
2801
1901
1904
1905
1907
1927
1903
1904
1905
1909
2032
1905
1930
2033
1911
1931
2034
1908
1910
2425
2428
2430
2817
2820
2822
1908
1911
1912
1914
1934
1910
1911
1912
1916
2039
1912
1937
2040
1918
1938
2041
1915
1917
1915
1918
1919
1941
3181
1917
1918
1919
2046
3183
1919
1944
2047
1945
2048
3185
1922
1924
1922
1925
1926
1928
1924
1925
1926
1930
1926
1932
1929
1931
1929
1932
1933
1935
1931
1932
1933
1937
2053
1933
2054
1939
2055
1936
1938
1936
1939
1940
1942
1938
1939
1940
1944
2060
1940
2061
1946
2062
1943
1945
1943
1946
1947
1945
1946
1947
1947
1950
1952
1950
1953
3189
1954
1956
1976
1952
1953
3191
1954
1958
1954
1979
3193
1960
1980
1957
1959
1957
1960
1961
1963
1983
1959
1960
1961
1965
1961
1986
1967
1987
1964
1966
1964
1967
1968
1990
1966
1967
1968
1968
1993
1994
1971
1973
3189
1971
1974
1975
1977
1997
1973
1974
3192
1975
1979
3193
1975
2000
1981
2001
1978
1980
1978
1981
1982
1984
2004
1980
1981
1982
1986
1982
2007
1988
2008
1985
1987
1985
1988
1989
1991
2011
1987
1988
1989
1993
1989
2014
1995
2015
1992
1994
1992
1995
1996
2018
1994
1995
1996
1996
2021
2022
1999
2001
1999
2002
2003
2005
2025
2001
2002
2003
2007
2003
2028
2009
2029
2006
2008
2006
2009
2010
2012
2032
2008
2009
2010
2014
2010
2035
2016
2036
2013
2015
2013
2016
2017
2019
2039
2015
2016
2017
2021
2017
2042
2023
2043
2020
2022
2020
2023
2024
2046
2022
2023
2024
2024
2049
2050
2027
2029
2027
2030
2031
2033
2029
2030
2031
2035
2031
2037
2034
2036
2034
2037
2038
2040
2053
2036
2037
2038
2042
2038
2056
2044
2057
2041
2043
2041
2044
2045
2047
2060
2043
2044
2045
2049
2045
2063
2051
2064
2048
2050
2048
2051
2052
2050
2051
2052
2052
2055
2057
2055
2058
2059
2061
2057
2058
2059
2063
2059
2065
2062
2064
2062
2065
2066
2064
2065
2066
2066
2071
2072
2073
2071
2072
2263
2438
2071
2073
2264
2072
2073
2439
2265
2440
2078
2079
2080
2078
2079
2270
2494
2078
2080
2271
2079
2080
2495
2272
2496
2085
2086
2087
2085
2086
2445
2501
2085
2087
2446
2086
2087
2502
2447
2503
2092
2093
2094
2095
2102
2092
2093
2466
2092
2094
2096
2093
2094
2103
2467
2099
2106
2468
2100
2107
2099
2100
2101
2099
2100
2298
2515
2099
2101
2131
2299
2100
2101
2133
2516
2300
2517
2135
2106
2107
2108
2106
2107
2480
2522
2106
2108
2180
2481
2107
2108
2181
2523
2482
2524
2183
2113
2114
2115
2116
2123
2113
2114
2543
2113
2115
2118
2114
2115
2124
2544
2120
2127
2545
2122
2128
2120
2121
2122
2120
2121
2138
2319
2120
2122
2320
2585
2121
2122
2140
2586
2321
2142
2587
2127
2128
2129
2127
2128
2557
2592
2127
2129
2208
2558
2128
2129
2209
2593
2559
2594
2211
2134
2135
2136
2144
2134
2135
2333
2134
2136
2145
2334
2135
2136
2148
2335
2149
2141
2142
2143
2144
2141
2142
2340
2141
2143
2146
2341
2142
2143
2148
2342
2150
2148
2149
2150
2151
2148
2149
2564
2148
2150
2606
2149
2150
2152
2565
2607
2155
2566
2156
2608
2155
2156
2157
2155
2156
2578
2620
2155
2157
2236
2579
2156
2157
2237
2621
2580
2622
2239
2162
2163
2164
2165
2172
2162
2163
2641
2697
2162
2164
2167
2642
2163
2164
2174
2698
2169
2643
2176
2699
2171
2178
2169
2170
2171
2169
2170
2187
2648
2169
2171
2347
2649
2170
2171
2189
2348
2650
2191
2349
2176
2177
2178
2176
2177
2215
2704
2176
2178
2354
2705
2177
2178
2216
2355
2706
2218
2356
2183
2184
2185
2193
2183
2184
2662
2183
2185
2184
2185
2194
2663
2197
2664
2198
2190
2191
2192
2193
2190
2191
2669
2190
2192
2195
2670
2191
2192
2197
2671
2199
2197
2198
2199
2200
2197
2198
2676
2718
2197
2199
2368
2677
2198
2199
2202
2369
2719
2678
2204
2720
2206
2370
2204
2205
2206
2204
2205
2243
2725
2204
2206
2382
2726
2205
2206
2244
2383
2727
2246
2384
2211
2212
2213
2221
2211
2212
2739
2211
2213
2212
2213
2222
2740
2225
2741
2226
2218
2219
2220
2221
2218
2219
2746
2218
2220
2219
2220
2223
2747
2225
2748
2227
2225
2226
2227
2228
2225
2226
2753
2788
2225
2227
2396
2754
2226
2227
2231
2397
2789
2755
2233
2790
2234
2398
2232
2233
2234
2232
2233
2250
2795
2232
2234
2251
2403
2233
2234
2404
2796
2253
2797
2405
2239
2240
2241
2256
2239
2240
2760
2239
2241
2802
2240
2241
2257
2761
2803
2260
2762
2261
2804
2246
2247
2248
2256
2246
2247
2767
2246
2248
2410
2247
2248
2258
2411
2768
2260
2769
2262
2412
2253
2254
2255
2256
2253
2254
2809
2253
2255
2417
2254
2255
2259
2418
2810
2261
2811
2262
2419
2260
2261
2262
2260
2261
2774
2816
2260
2262
2424
2775
2261
2262
2425
2817
2776
2818
2426
2265
2268
2265
2269
2277
2285
2266
2279
2268
2269
2280
2268
2269
2288
2282
2290
2272
2275
2272
2276
2278
2305
2273
2279
2275
2276
2280
2275
2276
2309
2283
2310
2279
2282
2291
2279
2283
2312
2280
2282
2283
2282
2283
2295
2316
2296
2317
2286
2289
2286
2290
2291
2287
2293
2289
2290
2294
2289
2290
2296
2293
2296
2293
2297
2299
2326
2294
2300
2296
2297
2301
2296
2297
2330
2304
2331
2300
2303
2300
2304
2333
2301
2303
2304
2303
2304
2337
2338
2307
2310
2312
2307
2311
2308
2314
2310
2311
2315
2310
2311
2317
2314
2317
2314
2318
2319
2327
2315
2321
2317
2318
2322
2317
2318
2330
2324
2332
2321
2324
2340
2321
2325
2322
2324
2325
2324
2325
2344
2345
2328
2331
2333
2328
2332
2340
2329
2335
2342
2331
2332
2336
2343
2331
2332
2338
2345
2335
2338
2335
2339
2336
2338
2339
2338
2339
2342
2345
2342
2346
2343
2345
2346
2345
2346
2349
2352
2349
2353
2361
2350
2363
2352
2353
2364
2352
2353
2366
2356
2359
2356
2360
2362
2357
2363
2359
2360
2364
2359
2360
2367
2363
2366
2375
2363
2367
2389
2364
2366
2367
2366
2367
2379
2393
2380
2394
2370
2373
2370
2374
2382
2371
2384
2373
2374
2385
2373
2374
2387
2377
2380
2377
2381
2383
2378
2384
2380
2381
2385
2380
2381
2388
2384
2387
2384
2388
2410
2385
2387
2388
2387
2388
2414
2415
2391
2394
2391
2395
2403
2392
2405
2394
2395
2406
2394
2395
2408
2398
2401
2398
2402
2404
2399
2405
2401
2402
2406
2401
2402
2409
2405
2408
2417
2405
2409
2406
2408
2409
2408
2409
2421
2422
2412
2415
2412
2416
2424
2413
2426
2415
2416
2427
2415
2416
2429
2419
2422
2419
2423
2425
2420
2426
2422
2423
2427
2422
2423
2430
2426
2429
2426
2430
2427
2429
2430
2429
2430
2433
2436
2438
2433
2437
2445
2434
2440
2447
2436
2437
2441
2448
2436
2437
2443
2450
2440
2443
2440
2444
2452
2460
2441
2454
2443
2444
2455
2443
2444
2463
2457
2465
2447
2450
2447
2451
2453
2627
2448
2454
2450
2451
2455
2450
2451
2631
2458
2632
2454
2457
2473
2454
2458
2634
2455
2457
2458
2457
2458
2477
2638
2478
2639
2461
2464
2466
2461
2465
2473
2462
2468
2475
2464
2465
2469
2476
2464
2465
2471
2478
2468
2471
2468
2472
2480
2469
2482
2471
2472
2483
2471
2472
2485
2475
2478
2475
2479
2481
2655
2476
2482
2478
2479
2483
2478
2479
2659
2486
2660
2482
2485
2482
2486
2662
2483
2485
2486
2485
2486
2666
2667
2489
2492
2494
2489
2493
2501
2490
2496
2503
2492
2493
2497
2504
2492
2493
2499
2506
2496
2499
2496
2500
2508
2537
2497
2510
2499
2500
2511
2499
2500
2540
2513
2542
2503
2506
2503
2507
2509
2683
2504
2510
2506
2507
2511
2506
2507
2687
2514
2688
2510
2513
2550
2510
2514
2690
2511
2513
2514
2513
2514
2554
2694
2555
2695
2517
2520
2517
2521
2529
2518
2531
2520
2521
2532
2520
2521
2534
2524
2527
2524
2528
2530
2525
2531
2527
2528
2532
2527
2528
2535
2531
2534
2571
2531
2535
2711
2532
2534
2535
2534
2535
2575
2715
2576
2716
2538
2541
2543
2538
2542
2550
2539
2545
2552
2541
2542
2546
2553
2541
2542
2548
2555
2545
2548
2545
2549
2557
2546
2559
2548
2549
2560
2548
2549
2562
2552
2555
2552
2556
2558
2732
2553
2559
2555
2556
2560
2555
2556
2736
2563
2737
2559
2562
2559
2563
2739
2560
2562
2563
2562
2563
2743
2744
2566
2569
2566
2570
2578
2567
2580
2569
2570
2581
2569
2570
2583
2573
2576
2573
2577
2579
2574
2580
2576
2577
2581
2576
2577
2584
2580
2583
2580
2584
2760
2581
2583
2584
2583
2584
2764
2765
2587
2590
2587
2591
2599
2588
2601
2590
2591
2602
2590
2591
2604
2594
2597
2594
2598
2600
2595
2601
2597
2598
2602
2597
2598
2605
2601
2604
2613
2601
2605
2781
2602
2604
2605
2604
2605
2617
2785
2618
2786
2608
2611
2608
2612
2620
2609
2622
2611
2612
2623
2611
2612
2625
2615
2618
2615
2619
2621
2616
2622
2618
2619
2623
2618
2619
2626
2622
2625
2622
2626
2802
2623
2625
2626
2625
2626
2806
2807
2629
2632
2634
2629
2633
2641
2630
2636
2643
2632
2633
2637
2644
2632
2633
2639
2646
2636
2639
2636
2640
2648
2656
2637
2650
2639
2640
2651
2639
2640
2659
2653
2661
2643
2646
2643
2647
2649
2644
2650
2646
2647
2651
2646
2647
2654
2650
2653
2669
2650
2654
2651
2653
2654
2653
2654
2673
2674
2657
2660
2662
2657
2661
2669
2658
2664
2671
2660
2661
2665
2672
2660
2661
2667
2674
2664
2667
2664
2668
2676
2665
2678
2667
2668
2679
2667
2668
2681
2671
2674
2671
2675
2677
2672
2678
2674
2675
2679
2674
2675
2682
2678
2681
2678
2682
2679
2681
2682
2681
2682
2685
2688
2690
2685
2689
2697
2686
2692
2699
2688
2689
2693
2700
2688
2689
2695
2702
2692
2695
2692
2696
2704
2733
2693
2706
2695
2696
2707
2695
2696
2736
2709
2738
2699
2702
2699
2703
2705
2700
2706
2702
2703
2707
2702
2703
2710
2706
2709
2746
2706
2710
2707
2709
2710
2709
2710
2750
2751
2713
2716
2713
2717
2725
2714
2727
2716
2717
2728
2716
2717
2730
2720
2723
2720
2724
2726
2721
2727
2723
2724
2728
2723
2724
2731
2727
2730
2767
2727
2731
2728
2730
2731
2730
2731
2771
2772
2734
2737
2739
2734
2738
2746
2735
2741
2748
2737
2738
2742
2749
2737
2738
2744
2751
2741
2744
2741
2745
2753
2742
2755
2744
2745
2756
2744
2745
2758
2748
2751
2748
2752
2754
2749
2755
2751
2752
2756
2751
2752
2759
2755
2758
2755
2759
2756
2758
2759
2758
2759
2762
2765
2762
2766
2774
2763
2776
2765
2766
2777
2765
2766
2779
2769
2772
2769
2773
2775
2770
2776
2772
2773
2777
2772
2773
2780
2776
2779
2776
2780
2777
2779
2780
2779
2780
2783
2786
2783
2787
2795
2784
2797
2786
2787
2798
2786
2787
2800
2790
2793
2790
2794
2796
2791
2797
2793
2794
2798
2793
2794
2801
2797
2800
2809
2797
2801
2798
2800
2801
2800
2801
2813
2814
2804
2807
2804
2808
2816
2805
2818
2807
2808
2819
2807
2808
2821
2811
2814
2811
2815
2817
2812
2818
2814
2815
2819
2814
2815
2822
2818
2821
2818
2822
2819
2821
2822
2821
2822
2825
2827
2825
2828
2829
2831
2851
2827
2828
2829
2833
2829
2854
2835
2855
2832
2834
2832
2835
2836
2838
2834
2835
2836
2840
2836
2842
2839
2841
2839
2842
2843
2845
2841
2842
2843
2847
2843
2849
2846
2848
2846
2849
2850
2858
2848
2849
2850
2850
2861
2862
2853
2855
2853
2856
2857
2865
2855
2856
2857
2857
2868
2869
2860
2862
2860
2863
2864
2872
2862
2863
2864
2864
2875
2876
2867
2869
2867
2870
2871
2879
2869
2870
2871
2871
2882
2883
2874
2876
2874
2877
2878
2900
2876
2877
2878
2878
2903
2904
2881
2883
2881
2884
2885
2887
2883
2884
2885
2889
2885
2891
2888
2890
2888
2891
2892
2894
2890
2891
2892
2896
2892
2898
2895
2897
2895
2898
2899
2901
2897
2898
2899
2903
2899
2905
2902
2904
2902
2905
2906
2904
2905
2906
2906
2909
2911
2909
2912
2913
2915
2911
2912
2913
2917
3019
2913
3020
2919
3021
2916
2918
2916
2919
2920
2922
2918
2919
2920
2924
2920
2926
2923
2925
2923
2926
2927
2929
2925
2926
2927
2931
2927
2933
2930
2932
2930
2933
2934
2932
2933
2934
3026
2934
3027
3028
2937
2939
2937
2940
2941
2949
2939
2940
2941
3033
2941
2952
3034
2953
3035
2944
2946
2944
2947
2948
2956
2946
2947
2948
3040
2948
2959
3041
2960
3042
2951
2953
2951
2954
2955
2963
2953
2954
2955
2955
2966
2967
2958
2960
2958
2961
2962
2970
2960
2961
2962
2962
2973
2974
2965
2967
2965
2968
2969
2977
2967
2968
2969
2969
2980
2981
2972
2974
2972
2975
2976
2984
2974
2975
2976
2976
2987
2988
2979
2981
2979
2982
2983
2981
2982
2983
3047
2983
3048
3049
2986
2988
2986
2989
2990
2988
2989
2990
3054
2990
3055
3056
2993
2995
2993
2996
2997
2999
2995
2996
2997
3001
2997
3003
3000
3002
3000
3003
3004
3006
3002
3003
3004
3008
3004
3010
3007
3009
3007
3010
3011
3013
3009
3010
3011
3015
3011
3017
3014
3016
3014
3017
3018
3016
3017
3018
3018
3021
3023
3021
3024
3025
3023
3024
3025
3061
3025
3062
3063
3028
3030
3028
3031
3032
3030
3031
3032
3068
3032
3069
3070
3035
3037
3035
3038
3039
3037
3038
3039
3075
3039
3076
3077
3042
3044
3042
3045
3046
3044
3045
3046
3082
3046
3083
3084
3049
3051
3049
3052
3053
3051
3052
3053
3089
3053
3090
3091
3056
3058
3056
3059
3060
3058
3059
3060
3096
3060
3097
3098
3063
3065
3063
3066
3067
3065
3066
3067
3103
3067
3104
3105
3070
3072
3070
3073
3074
3072
3073
3074
3124
3074
3125
3126
3077
3079
3077
3080
3081
3079
3080
3081
3131
3081
3132
3133
3084
3086
3084
3087
3088
3086
3087
3088
3138
3088
3139
3140
3091
3093
3091
3094
3095
3093
3094
3095
3173
3095
3174
3175
3098
3100
3098
3101
3102
3100
3101
3102
3180
3102
3181
3182
3105
3107
3105
3108
3109
3111
3107
3108
3109
3113
3109
3115
3112
3114
3112
3115
3116
3118
3114
3115
3116
3120
3116
3122
3119
3121
3119
3122
3123
3125
3121
3122
3123
3127
3123
3129
3126
3128
3126
3129
3130
3128
3129
3130
3130
3133
3135
3133
3136
3137
3145
3135
3136
3137
3137
3148
3149
3140
3142
3140
3143
3144
3152
3142
3143
3144
3144
3155
3156
3147
3149
3147
3150
3151
3159
3149
3150
3151
3151
3162
3163
3154
3156
3154
3157
3158
3166
3156
3157
3158
3158
3169
3170
3161
3163
3161
3164
3165
3173
3163
3164
3165
3165
3176
3177
3168
3170
3168
3171
3172
3180
3170
3171
3172
3172
3183
3184
3175
3177
3175
3178
3179
3177
3178
3179
3179
3182
3184
3182
3185
3186
3184
3185
3186
3186
3189
3191
3189
3192
3193
3191
3192
3193
3193
)


// ************************************************************************* //
